0 0.307292 0.178385 0.041667 0.023438
0 0.263021 0.384115 0.036458 0.023438
0 0.393229 0.178385 0.036458 0.028646
1 0.653646 0.164062 0.031250 0.020833
0 0.662760 0.197917 0.039062 0.020833
1 0.641927 0.384115 0.039062 0.028646
1 0.686198 0.384115 0.033854 0.023438
1 0.725260 0.388021 0.028646 0.020833
1 0.640625 0.407552 0.031250 0.023438
1 0.721354 0.412760 0.031250 0.023438
0 0.684896 0.412760 0.036458 0.023438
0 0.636719 0.428385 0.028646 0.023438
0 0.677083 0.437500 0.026042 0.020833
0 0.723958 0.434896 0.036458 0.026042